======================================================================
### Open-set OOD Detection  (seed = 256)
======================================================================

--- UCI-HAR ---
Method     Acc_K_S Acc_K_E  Acc_U_S  Acc_U_E  AUROC_S  AUROC_E  FPR95_S  FPR95_E  AUPR_S  AUPR_E     H_S     H_E
----------------------------------------------------------------------------------------------------------
ERM        69.85   69.91  51.42    59.87    66.91    70.84    84.15    70.12   66.48   70.95   59.23   64.50
SAR        69.32   69.38  55.97    65.41    69.32    74.95    80.28    62.17   68.41   74.08   61.93   67.34
EATA       69.59   70.08  51.83    57.62    66.25    70.41    78.47    67.58   67.39   71.22   59.41   63.24
CoTTA      68.15   67.74  59.46    66.08    71.38    74.36    74.92    58.83   70.04   74.87   63.51   66.90
DSOM       72.58   73.60  67.85    71.47    73.73    76.35    78.97    61.62   71.91   79.46   70.14   72.52

--- OPPORTUNITY ---
Method     Acc_K_S Acc_K_E  Acc_U_S  Acc_U_E  AUROC_S  AUROC_E  FPR95_S  FPR95_E  AUPR_S  AUPR_E     H_S     H_E
----------------------------------------------------------------------------------------------------------
ERM        51.42   51.43  39.28    46.55    55.47    58.92    83.18    76.45   54.63   58.54   44.54   48.87
SAR        51.51   51.85  43.87    52.11    57.25    61.07    80.12    72.38   56.14   60.48   47.38   51.98
EATA       51.74   52.01  45.21    55.94    56.12    62.28    78.47    69.05   56.85   61.79   48.26   53.90
CoTTA      50.89   51.39  41.15    48.86    54.48    55.91    82.05    78.12   54.02   55.73   45.50   50.09
DSOM       52.68   52.45  45.04    55.82    57.51    62.35    78.15    75.28   57.52   64.16   48.56   54.08

--- PAMAP2 ---
Method     Acc_K_S Acc_K_E  Acc_U_S  Acc_U_E  AUROC_S  AUROC_E  FPR95_S  FPR95_E  AUPR_S  AUPR_E     H_S     H_E
----------------------------------------------------------------------------------------------------------
ERM        87.92   88.15  57.85    66.94    76.48    79.87    45.93    38.95   64.85   69.02   69.78   76.09
SAR        87.29   87.59  60.64    69.95    77.89    81.28    43.12    35.98   64.32   66.54   71.56   77.78
EATA       87.62   87.92  57.78    72.35    75.97    81.46    46.45    36.42   65.61   71.05   69.64   79.38
CoTTA      86.42   86.51  72.18    74.08    83.25    83.68    38.15    35.54   65.14   70.41   78.66   79.81
DSOM       89.16   91.37  71.58    79.12    80.14    86.75    39.18    35.35   66.89   72.08   79.41   84.80

======================================================================
